778
-0.064300 0.410777 -0.082164 
-0.075268 0.432272 -0.115149 
-0.085580 0.400093 -0.121192 
-0.096485 0.399533 -0.127950 
-0.082477 0.432864 -0.161303 
-0.055913 0.397670 -0.165790 
-0.032138 0.405798 -0.165186 
-0.017797 0.348604 -0.170338 
0.031415 0.446449 -0.149461 
0.014871 0.381183 -0.154195 
-0.000172 0.434890 -0.132846 
0.031593 0.409193 -0.172645 
0.055339 0.413024 -0.132959 
0.054461 0.390989 -0.099795 
0.083446 0.380084 -0.069142 
0.097910 0.357861 -0.052895 
0.125510 0.373116 -0.048467 
0.128709 0.344034 -0.057411 
0.138449 0.322670 -0.058935 
0.159046 0.321281 -0.050273 
0.144867 0.281946 -0.043592 
0.128312 0.266224 -0.024926 
0.133818 0.253894 -0.018551 
0.082832 0.323449 -0.042055 
0.075492 0.280407 -0.067377 
0.080046 0.312687 -0.081319 
0.054462 0.333305 -0.105126 
0.010861 0.270303 -0.103368 
-0.009130 0.379583 -0.086189 
0.004034 0.287701 -0.077976 
-0.002323 0.323614 -0.056750 
-0.006718 0.325572 -0.041441 
0.046894 0.289422 -0.002445 
0.097985 0.209779 0.041282 
0.118265 0.123122 0.042128 
0.197529 0.132268 0.105185 
0.182945 0.140892 0.093186 
0.222575 0.140943 0.098736 
0.203611 0.194995 0.062216 
0.168175 0.193382 0.077730 
0.199572 0.176732 0.091521 
0.241057 0.166390 0.131579 
0.283638 0.154900 0.223064 
0.265780 0.123733 0.197677 
0.270547 0.119345 0.184513 
0.284875 0.119907 0.167865 
0.282494 0.133058 0.144985 
0.274240 0.143716 0.128034 
0.301672 0.165391 0.134240 
0.282387 0.170469 0.120349 
0.296510 0.197718 0.131049 
0.295075 0.186973 0.168540 
0.300923 0.172615 0.189419 
0.279489 0.167463 0.198284 
0.280162 0.193932 0.208471 
0.231382 0.208725 0.109026 
0.268844 0.234747 0.187241 
0.259499 0.279962 0.173297 
0.210178 0.242528 0.108755 
0.241057 0.268621 0.170878 
0.239035 0.239891 0.142541 
0.247537 0.244141 0.132257 
0.265066 0.278088 0.134376 
0.237758 0.314121 0.114996 
0.190280 0.258100 0.059667 
0.193038 0.302753 0.072779 
0.283148 0.314985 0.089345 
0.254208 0.291948 0.040127 
0.221266 0.284842 0.016023 
0.203954 0.290886 0.010885 
0.236680 0.255564 0.038246 
0.228679 0.239640 0.035307 
0.274148 0.273627 0.062974 
0.261613 0.313100 0.082191 
0.204325 0.270710 0.078608 
0.208191 0.322660 0.106954 
0.209333 0.358803 0.093000 
0.174480 0.327539 0.044111 
0.182246 0.350553 0.042574 
0.144889 0.339802 0.027000 
0.183600 0.387342 0.066104 
0.131957 0.329875 0.061045 
0.134692 0.347799 0.059225 
0.135675 0.396357 0.058199 
0.130142 0.423150 0.079437 
0.088538 0.419420 0.064633 
0.073323 0.411937 0.065570 
0.060913 0.412396 0.068343 
0.104486 0.441503 0.118472 
0.100603 0.401683 0.121700 
0.095397 0.365956 0.108893 
0.129286 0.388133 0.158742 
0.118420 0.371348 0.151367 
0.155829 0.362112 0.181237 
0.142439 0.318183 0.180951 
0.141403 0.340013 0.189412 
0.129780 0.301933 0.144453 
0.138764 0.315068 0.145958 
0.177342 0.303820 0.221848 
0.189219 0.203022 0.200122 
0.163051 0.208594 0.169798 
0.156109 0.235590 0.179868 
0.185737 0.219529 0.225377 
0.201889 0.210527 0.261838 
0.188971 0.172557 0.262935 
0.188531 0.138105 0.247315 
0.201277 0.148194 0.255972 
0.184143 0.160667 0.220378 
0.181660 0.153791 0.213532 
0.156015 0.210350 0.237289 
0.168516 0.225228 0.264499 
0.129861 0.173770 0.178335 
0.126248 0.207187 0.186617 
0.062838 0.259679 0.115236 
0.064866 0.257513 0.116248 
0.059396 0.294141 0.134209 
0.023210 0.334417 0.102386 
0.006464 0.349261 0.077700 
0.021218 0.390078 0.142570 
0.006084 0.393765 0.133681 
-0.017609 0.374952 0.098791 
-0.022723 0.384696 0.110196 
-0.014039 0.386274 0.166182 
-0.013350 0.400562 0.162437 
-0.025060 0.350678 0.125811 
-0.015121 0.336756 0.131606 
0.054957 0.323786 0.207691 
0.069896 0.290803 0.207541 
0.063407 0.289543 0.195957 
0.100364 0.305552 0.256442 
0.116010 0.245731 0.250888 
0.110047 0.257669 0.261706 
0.113432 0.252818 0.300266 
0.118072 0.233827 0.305463 
0.107237 0.217847 0.301627 
0.091790 0.239887 0.329889 
0.070903 0.273502 0.326693 
0.060307 0.261887 0.312257 
0.049879 0.314684 0.263023 
0.034362 0.331200 0.258339 
0.016779 0.342577 0.257349 
0.025662 0.303153 0.301095 
0.013295 0.283107 0.294534 
-0.012379 0.276878 0.266449 
-0.023280 0.299238 0.274533 
-0.034142 0.292673 0.236328 
0.016237 0.256441 0.268099 
0.003851 0.287223 0.241330 
0.005219 0.265273 0.204367 
0.004398 0.259935 0.193371 
0.001024 0.256976 0.163671 
0.036470 0.213905 0.171886 
0.022711 0.216499 0.156006 
0.034465 0.221921 0.206391 
0.070580 0.174913 0.232133 
0.094085 0.157671 0.278239 
0.131451 0.112303 0.295719 
0.130781 0.109366 0.307884 
0.131832 0.111813 0.325838 
0.123114 0.115715 0.254284 
0.122480 0.116758 0.256115 
0.108413 0.137986 0.336104 
0.086013 0.157169 0.313741 
0.028476 0.172560 0.184809 
-0.026937 0.229561 0.186805 
-0.035693 0.239556 0.226933 
-0.003346 0.227881 0.327143 
-0.026591 0.225538 0.282306 
-0.048267 0.226390 0.282797 
-0.049550 0.235724 0.300459 
-0.033642 0.218225 0.313942 
0.021205 0.174494 0.330007 
0.055822 0.137345 0.338844 
0.055011 0.133742 0.348451 
0.035151 0.148071 0.338330 
0.012680 0.150762 0.243350 
0.004566 0.150372 0.298068 
-0.001087 0.159847 0.303074 
-0.055605 0.205157 0.272378 
-0.051039 0.210339 0.183500 
-0.045689 0.189813 0.201706 
-0.057121 0.211874 0.221721 
-0.013382 0.173636 0.268327 
0.084295 0.095866 0.258962 
0.085830 0.090032 0.277978 
0.044245 0.130926 0.269158 
0.071661 0.100046 0.325540 
0.098424 0.066903 0.307291 
0.108036 0.051347 0.279226 
0.106100 0.059583 0.265529 
0.097522 0.064373 0.238085 
0.051553 0.109092 0.206551 
0.042381 0.096273 0.242022 
0.029532 0.094239 0.229071 
-0.004103 0.135230 0.174422 
0.032203 0.105400 0.169565 
0.031697 0.107134 0.173687 
-0.024972 0.144615 0.204687 
-0.057294 0.197332 0.133681 
-0.074029 0.223596 0.126106 
-0.094276 0.268463 0.113034 
-0.136764 0.373361 0.141636 
-0.125898 0.352321 0.100626 
-0.135788 0.380922 0.093565 
-0.152088 0.387993 0.085293 
-0.171272 0.373973 0.081685 
-0.166033 0.361316 0.073206 
-0.143150 0.346888 0.059553 
-0.178737 0.390888 0.130897 
-0.174626 0.367599 0.150862 
-0.178813 0.352530 0.155871 
-0.153523 0.322666 0.136075 
-0.150273 0.296941 0.137144 
-0.178645 0.312687 0.179539 
-0.208610 0.329078 0.162414 
-0.171909 0.300853 0.104340 
-0.199888 0.309976 0.113918 
-0.202915 0.313994 0.110597 
-0.186411 0.329007 0.060628 
-0.182792 0.330998 0.043150 
-0.167907 0.282240 0.015048 
-0.182506 0.282627 0.043886 
-0.196669 0.287354 0.059470 
-0.196492 0.256209 0.083809 
-0.172848 0.239252 0.116179 
-0.168613 0.221166 0.142292 
-0.135353 0.160705 0.217555 
-0.105559 0.132330 0.208991 
-0.121210 0.155825 0.198074 
-0.223510 0.245323 0.257923 
-0.212957 0.223800 0.211658 
-0.218095 0.228119 0.223361 
-0.248484 0.263707 0.212908 
-0.231176 0.266416 0.189356 
-0.234445 0.260771 0.183883 
-0.220455 0.284769 0.235506 
-0.203022 0.278407 0.245930 
-0.178394 0.261719 0.208753 
-0.158576 0.217599 0.164026 
-0.170537 0.221014 0.257782 
-0.127819 0.157685 0.259613 
-0.073401 0.105999 0.296105 
-0.059268 0.072496 0.299121 
-0.039752 0.051811 0.297618 
-0.029992 0.038869 0.286892 
0.006798 0.021778 0.312388 
0.007836 0.017359 0.317915 
-0.019277 0.011125 0.318047 
-0.043303 0.008326 0.320491 
-0.057151 0.028018 0.335736 
-0.050668 0.056047 0.361101 
-0.051917 0.072299 0.347170 
-0.094010 0.097380 0.333728 
-0.111981 0.100425 0.288680 
-0.100639 0.086493 0.280020 
-0.102426 0.082327 0.314389 
-0.088366 0.064165 0.348537 
-0.051400 0.016230 0.367259 
-0.019499 -0.012066 0.376184 
0.001295 -0.014484 0.377357 
0.014993 0.002914 0.377024 
0.038568 0.005789 0.362881 
0.047762 0.018087 0.354407 
0.006748 0.050703 0.346866 
0.006191 0.053126 0.336984 
0.032579 0.026049 0.294126 
0.059062 0.015438 0.313489 
0.076973 0.009910 0.317665 
-0.037494 0.025100 0.341906 
0.075497 -0.018147 0.345750 
0.058002 -0.029896 0.352559 
0.042377 -0.038504 0.354821 
0.013002 -0.039161 0.355549 
-0.025320 -0.030526 0.357345 
-0.103941 0.033691 0.304581 
-0.081113 0.079102 0.221861 
-0.098653 0.052462 0.269724 
-0.089431 0.036974 0.264629 
-0.044951 0.010128 0.260968 
-0.024473 -0.000148 0.247098 
-0.055546 0.042341 0.219813 
0.015664 -0.044070 0.274198 
0.034508 -0.048383 0.254828 
0.028718 -0.064894 0.291367 
0.040669 -0.012788 0.152135 
0.023482 -0.003182 0.124484 
0.063386 -0.037011 0.246765 
0.070037 -0.033131 0.234325 
0.104632 -0.067193 0.282889 
0.115689 -0.106449 0.341904 
0.171630 -0.090418 0.202115 
0.115156 0.000187 0.060689 
0.096112 -0.110674 0.304707 
0.142434 -0.062073 0.195991 
0.102192 -0.078687 0.242657 
0.056973 -0.178299 0.226101 
0.056028 -0.169316 0.211396 
0.059650 -0.159323 0.197686 
0.052937 -0.112621 0.151686 
0.032779 -0.060450 0.103758 
-0.005092 -0.028053 0.094190 
0.054059 -0.133598 0.170559 
0.037032 -0.143637 0.180474 
0.023923 -0.154794 0.194572 
0.013515 -0.164131 0.207402 
0.000096 -0.125501 0.177956 
-0.015767 -0.106337 0.169483 
-0.017580 -0.072494 0.143846 
-0.040449 -0.065724 0.131157 
-0.050461 -0.077742 0.145439 
-0.041891 -0.001549 0.071277 
-0.123742 0.004088 0.140579 
-0.206363 0.028988 0.122987 
-0.175928 0.079521 0.060242 
-0.187070 0.080886 0.064000 
-0.201631 0.065611 0.076454 
-0.201052 0.051490 0.080861 
-0.171998 0.006031 0.103387 
-0.150028 -0.026932 0.130568 
-0.138683 -0.142490 0.242022 
-0.046143 -0.191844 0.235940 
-0.053516 -0.177573 0.241694 
-0.070629 -0.173884 0.251192 
-0.072877 -0.194668 0.246127 
-0.084488 -0.204178 0.230982 
-0.099445 -0.199224 0.227865 
-0.114218 -0.192270 0.233732 
-0.122979 -0.185504 0.233641 
-0.128637 -0.164803 0.236677 
-0.129813 -0.126342 0.216280 
-0.148336 -0.112856 0.200473 
-0.169382 -0.125221 0.205982 
-0.177035 -0.139282 0.197416 
-0.147395 -0.101089 0.172833 
-0.142198 -0.104372 0.171554 
-0.173084 -0.112423 0.184867 
-0.152792 -0.159384 0.189842 
-0.046995 -0.194353 0.199680 
-0.045467 -0.183266 0.193420 
-0.046384 -0.171842 0.191672 
-0.111201 -0.148928 0.187176 
-0.096056 -0.168384 0.188962 
-0.051514 -0.143057 0.168415 
-0.051494 -0.142280 0.160944 
-0.087565 -0.119446 0.156688 
-0.091541 -0.054082 0.108129 
-0.119348 -0.006096 0.075886 
-0.091443 0.061378 0.005000 
-0.149261 0.114751 -0.030785 
-0.181757 0.144063 -0.051904 
-0.188584 0.177307 -0.083090 
-0.206065 0.199659 -0.101057 
-0.248839 0.233970 -0.118431 
-0.236907 0.233292 -0.120073 
-0.220935 0.234057 -0.147546 
-0.197313 0.233138 -0.142033 
-0.156565 0.146427 -0.090471 
-0.221315 0.167334 -0.141507 
-0.269066 0.207786 -0.141750 
-0.284863 0.203497 -0.140821 
-0.275436 0.190437 -0.110675 
-0.261643 0.163155 -0.098751 
-0.153391 0.122714 -0.048078 
-0.162500 0.069592 -0.011855 
-0.161858 0.053561 -0.019443 
-0.118452 0.078612 -0.020007 
-0.241587 0.069004 -0.014181 
-0.255271 0.093013 -0.017830 
-0.280826 0.102557 -0.024083 
-0.299491 0.078828 0.001485 
-0.305604 0.036124 0.045660 
-0.274641 0.020031 0.046728 
-0.289195 0.002345 0.052681 
-0.276653 -0.005803 0.073146 
-0.286880 -0.010931 0.081808 
-0.313222 0.000070 0.073383 
-0.369269 0.020744 0.034638 
-0.349219 0.064153 0.019272 
-0.347811 0.045961 0.013266 
-0.373184 0.060055 0.006334 
-0.403628 0.080539 -0.009694 
-0.356178 0.118167 -0.051944 
-0.387127 0.098679 -0.045385 
-0.395839 0.077672 -0.060127 
-0.362565 0.070668 -0.085134 
-0.330244 0.064400 -0.063210 
-0.357601 0.050035 -0.056605 
-0.394207 0.027482 -0.070259 
-0.307865 0.066111 -0.089247 
-0.315568 0.055307 -0.091194 
-0.347318 0.008221 -0.074248 
-0.300771 0.014437 -0.058887 
-0.308637 0.009271 -0.051813 
-0.335328 -0.023263 -0.034599 
-0.222790 -0.038749 -0.002705 
-0.198918 -0.050198 0.015913 
-0.233336 -0.061307 0.025411 
-0.233318 -0.072363 0.043600 
-0.241301 -0.083606 0.048291 
-0.281740 -0.134562 0.054478 
-0.273603 -0.025207 -0.002729 
-0.274589 -0.052056 0.017103 
-0.288536 -0.069088 0.013589 
-0.284138 -0.079052 0.014563 
-0.283948 -0.094743 0.042102 
-0.276396 -0.125913 0.079609 
-0.219876 -0.128177 0.073641 
-0.224965 -0.121216 0.068440 
-0.229173 -0.149765 0.083352 
-0.223087 -0.173955 0.094216 
-0.156305 -0.182519 0.100199 
-0.136626 -0.196610 0.107848 
-0.150033 -0.204261 0.107961 
-0.130392 -0.185821 0.091350 
-0.143188 -0.147332 0.060824 
-0.128791 -0.117593 0.043878 
-0.106800 -0.114028 0.041535 
-0.075105 -0.145434 0.060965 
-0.070761 -0.155485 0.053840 
-0.094932 -0.154849 0.037243 
-0.087485 -0.194887 0.074661 
-0.099504 -0.219743 0.074259 
-0.077030 -0.251840 0.099318 
-0.065021 -0.249099 0.096925 
-0.052175 -0.239694 0.091734 
-0.028105 -0.238518 0.093193 
-0.010989 -0.233045 0.092857 
-0.009928 -0.246499 0.096785 
-0.024394 -0.260436 0.101307 
-0.049072 -0.270332 0.097750 
-0.085579 -0.277406 0.087619 
-0.134728 -0.236371 0.051442 
-0.152497 -0.224653 0.048832 
-0.157430 -0.160260 0.013649 
-0.147919 -0.169641 0.019561 
-0.189224 -0.228328 0.039642 
-0.172219 -0.219515 0.044343 
-0.128531 -0.257919 0.065913 
-0.132894 -0.264212 0.069595 
-0.193199 -0.198191 0.022950 
-0.161241 -0.093072 -0.028667 
-0.159409 -0.067621 -0.040405 
-0.208051 -0.108690 -0.053959 
-0.194945 -0.085823 -0.061148 
-0.165653 -0.096192 -0.055654 
-0.194366 -0.147512 -0.028027 
-0.203437 -0.179059 -0.022960 
-0.203756 -0.208344 -0.016671 
-0.236350 -0.216120 -0.021627 
-0.253117 -0.168893 -0.047709 
-0.225502 -0.117152 -0.091443 
-0.267259 -0.143500 -0.098815 
-0.272972 -0.170720 -0.095882 
-0.230630 -0.146555 -0.080765 
-0.231305 -0.176528 -0.068800 
-0.247395 -0.210100 -0.052082 
-0.238516 -0.224835 -0.060808 
-0.226905 -0.207544 -0.080400 
-0.193895 -0.200529 -0.066421 
-0.175073 -0.256282 -0.027708 
-0.158779 -0.265415 -0.010854 
-0.115228 -0.186694 -0.023909 
-0.116728 -0.244995 -0.000570 
-0.114790 -0.234246 -0.007866 
-0.105250 -0.279317 0.021975 
-0.116374 -0.275550 0.007759 
-0.046717 -0.265621 0.033525 
-0.013522 -0.244618 0.036316 
-0.017949 -0.237987 0.030597 
-0.059425 -0.205448 -0.000293 
-0.057303 -0.141762 -0.023918 
-0.056670 -0.095712 -0.041100 
-0.016628 -0.119024 -0.011319 
0.012049 -0.151614 0.010915 
-0.094568 -0.040570 -0.086287 
-0.100670 0.005521 -0.097276 
-0.113084 0.014331 -0.116916 
-0.119117 0.041304 -0.133974 
-0.070009 0.013991 -0.122347 
-0.071209 0.022358 -0.131492 
-0.102020 0.086479 -0.161621 
-0.086669 0.132128 -0.165773 
-0.103204 0.170352 -0.199562 
-0.116816 0.178496 -0.213937 
-0.102993 0.162085 -0.232208 
-0.119703 0.139511 -0.217003 
-0.145759 0.148319 -0.242276 
-0.148508 0.108680 -0.240866 
-0.164276 0.124149 -0.253489 
-0.192266 0.126481 -0.222699 
-0.196538 0.123152 -0.237075 
-0.200664 0.124921 -0.253885 
-0.106939 0.135694 -0.180432 
-0.017688 0.027565 -0.073664 
-0.050126 -0.019050 -0.109979 
-0.044108 -0.036551 -0.110569 
-0.028836 -0.065681 -0.090345 
-0.006629 -0.112483 -0.071970 
0.011526 -0.118997 -0.054848 
0.014498 -0.132519 -0.049290 
0.002625 -0.145853 -0.054004 
0.012354 -0.164927 -0.046299 
0.039191 -0.187509 -0.016108 
0.044362 -0.195177 -0.008711 
-0.028069 -0.135562 -0.092097 
-0.096442 -0.018909 -0.170449 
-0.099880 0.001193 -0.173073 
-0.124929 -0.007924 -0.192809 
-0.137822 0.018646 -0.233344 
-0.142151 0.026515 -0.214137 
-0.160551 0.016980 -0.268996 
-0.168324 0.013772 -0.265712 
-0.188320 0.012139 -0.247404 
-0.202699 0.018243 -0.249562 
-0.213380 0.002416 -0.268754 
-0.216239 -0.006014 -0.255530 
-0.208654 -0.042916 -0.252044 
-0.190391 -0.039057 -0.220178 
-0.172582 -0.053254 -0.227152 
-0.164520 -0.068552 -0.227822 
-0.119676 -0.076018 -0.184952 
-0.087483 -0.131320 -0.149367 
-0.074993 -0.143446 -0.143761 
-0.057517 -0.266729 -0.096821 
-0.001598 -0.275561 -0.048873 
0.012648 -0.295071 -0.028368 
0.015547 -0.310308 -0.020882 
0.003174 -0.324999 -0.023935 
-0.009217 -0.334834 -0.028276 
-0.028945 -0.347876 -0.037226 
-0.042368 -0.344017 -0.041963 
-0.056954 -0.270739 -0.070478 
-0.066902 -0.313376 -0.073493 
-0.056044 -0.337146 -0.066464 
-0.071954 -0.336195 -0.066987 
-0.097048 -0.318954 -0.091280 
-0.085436 -0.253069 -0.105996 
-0.099165 -0.293503 -0.107369 
-0.075055 -0.343390 -0.110767 
-0.115056 -0.243183 -0.144467 
-0.083652 -0.181009 -0.145787 
-0.081177 -0.197756 -0.140650 
-0.089606 -0.279221 -0.154766 
-0.016467 -0.314942 -0.087442 
-0.012722 -0.265113 -0.106430 
0.007528 -0.276772 -0.089859 
0.030800 -0.303261 -0.059479 
0.026744 -0.327667 -0.062664 
0.016170 -0.333536 -0.078250 
0.002170 -0.338828 -0.099316 
-0.041415 -0.343047 -0.148498 
-0.045018 -0.326926 -0.137803 
-0.081262 -0.325853 -0.148333 
-0.089274 -0.309226 -0.146054 
-0.139156 -0.258437 -0.186087 
-0.117904 -0.216829 -0.173975 
-0.113794 -0.241142 -0.172894 
-0.120896 -0.296713 -0.173372 
-0.111506 -0.310379 -0.172698 
-0.083540 -0.330418 -0.185987 
-0.075330 -0.303461 -0.197522 
-0.124936 -0.126226 -0.244440 
-0.090054 -0.098876 -0.216839 
-0.117599 -0.180415 -0.220619 
-0.119176 -0.159970 -0.246862 
-0.089417 -0.118877 -0.245979 
-0.073003 -0.169874 -0.241403 
-0.090013 -0.230432 -0.231588 
-0.083029 -0.196185 -0.210711 
-0.059182 -0.205178 -0.203647 
-0.061807 -0.249844 -0.204682 
-0.115903 -0.258793 -0.246240 
-0.124908 -0.239643 -0.230832 
-0.135160 -0.210649 -0.237996 
-0.143486 -0.210984 -0.264519 
-0.135278 -0.179958 -0.260570 
-0.110262 -0.268514 -0.286572 
-0.093637 -0.253903 -0.263330 
-0.095606 -0.206366 -0.274369 
-0.106115 -0.198469 -0.287418 
-0.099851 -0.165760 -0.280299 
-0.084558 -0.231857 -0.305344 
-0.067549 -0.231703 -0.299187 
-0.074915 -0.185415 -0.311837 
-0.072614 -0.140397 -0.291407 
-0.067220 -0.110127 -0.277040 
-0.038316 -0.156390 -0.248281 
-0.024483 -0.174389 -0.238938 
-0.037943 -0.281054 -0.225154 
-0.022157 -0.280110 -0.221482 
-0.011698 -0.276432 -0.232767 
0.012092 -0.231033 -0.173973 
0.005389 -0.311022 -0.185457 
0.038211 -0.316603 -0.145027 
0.051578 -0.308377 -0.136485 
0.055371 -0.299271 -0.140551 
0.046635 -0.272060 -0.159871 
0.036775 -0.255216 -0.189592 
0.022215 -0.193412 -0.238480 
0.015783 -0.245692 -0.251151 
0.006344 -0.238011 -0.290523 
-0.002941 -0.189018 -0.289479 
0.005349 -0.145666 -0.244414 
0.001088 -0.153798 -0.272252 
0.019490 -0.232819 -0.317803 
0.035271 -0.276419 -0.282286 
0.044709 -0.263205 -0.259335 
0.050815 -0.235746 -0.241819 
0.042710 -0.320107 -0.249731 
0.045250 -0.317115 -0.228214 
0.053764 -0.329514 -0.207006 
0.064767 -0.330959 -0.190454 
0.078062 -0.323786 -0.190347 
0.074382 -0.277233 -0.226433 
0.085893 -0.281935 -0.229119 
0.094524 -0.280024 -0.178519 
0.080619 -0.234272 -0.201400 
0.068285 -0.186007 -0.212553 
0.024791 -0.116146 -0.286984 
0.013977 -0.045501 -0.243680 
0.010776 -0.066142 -0.270747 
0.017083 -0.074397 -0.286684 
0.000411 0.033320 -0.272669 
-0.016183 0.099761 -0.297503 
-0.017987 0.111384 -0.312190 
0.002769 0.118378 -0.337517 
0.002244 0.112291 -0.362275 
-0.040356 0.102099 -0.365007 
-0.032378 0.141694 -0.363777 
-0.019441 0.141542 -0.378544 
-0.041942 0.132428 -0.419752 
-0.069810 0.101416 -0.382259 
-0.066997 0.112158 -0.358407 
-0.029721 0.092919 -0.404766 
-0.021179 0.077019 -0.410946 
-0.005201 0.042956 -0.354965 
0.012999 0.022592 -0.306571 
0.011018 0.005444 -0.344598 
0.083744 -0.069715 -0.275706 
0.138598 -0.206195 -0.258248 
0.146765 -0.191235 -0.259832 
0.165037 -0.168367 -0.262323 
0.168619 -0.157603 -0.268450 
0.158287 -0.184012 -0.307863 
0.136851 -0.147120 -0.304872 
0.082743 -0.136467 -0.300348 
0.096149 -0.169645 -0.325620 
0.091028 -0.154080 -0.338540 
0.103990 -0.087619 -0.250875 
0.106731 -0.100117 -0.261296 
0.107075 -0.193997 -0.309569 
0.108004 -0.190877 -0.287003 
0.109540 -0.132805 -0.282652 
0.074049 -0.110828 -0.330555 
0.052629 0.014766 -0.281082 
0.061544 -0.060924 -0.301078 
0.067547 -0.067015 -0.332980 
0.094148 -0.024191 -0.298935 
0.121940 -0.011298 -0.339781 
0.144964 -0.014387 -0.344927 
0.148856 -0.005053 -0.353224 
0.089081 -0.065611 -0.387117 
0.088609 -0.054117 -0.387842 
0.083802 -0.030004 -0.372577 
0.103681 -0.009384 -0.382297 
0.099385 0.015571 -0.368953 
0.140379 -0.055938 -0.367064 
0.137942 -0.055341 -0.363172 
0.160535 -0.090392 -0.359658 
0.159421 -0.099792 -0.304481 
0.163622 -0.076911 -0.307187 
0.187553 -0.118503 -0.260785 
0.176393 -0.097704 -0.234054 
0.180896 -0.084130 -0.236893 
0.178931 -0.075251 -0.259618 
0.138272 -0.035341 -0.250572 
0.108714 -0.008676 -0.258478 
0.102157 0.044584 -0.282011 
0.092124 0.073705 -0.270283 
0.070835 0.070420 -0.244913 
0.127722 0.058143 -0.270518 
0.120176 0.001212 -0.229553 
0.127572 -0.002903 -0.211571 
0.128545 -0.041775 -0.192518 
0.145937 -0.091664 -0.168893 
0.161505 -0.110802 -0.152802 
0.188402 -0.163469 -0.141631 
0.187616 -0.156856 -0.142568 
0.173424 -0.133300 -0.184686 
0.159797 -0.193690 -0.129617 
0.165167 -0.229580 -0.105504 
0.168422 -0.247491 -0.120694 
0.148935 -0.180548 -0.176650 
0.136790 -0.169072 -0.172962 
0.166881 -0.256446 -0.198190 
0.183881 -0.269779 -0.175852 
0.178306 -0.242707 -0.177642 
0.143512 -0.220853 -0.217032 
0.132852 -0.129898 -0.087251 
0.121987 -0.131157 -0.099306 
0.129565 -0.219302 -0.123083 
0.142333 -0.232021 -0.098163 
0.153259 -0.273554 -0.104483 
0.154893 -0.325488 -0.191175 
0.156506 -0.321454 -0.206541 
0.181328 -0.342234 -0.094754 
0.169853 -0.334011 -0.084712 
0.158291 -0.337922 -0.083942 
0.146228 -0.355170 -0.102296 
0.143595 -0.358786 -0.113357 
0.152079 -0.359946 -0.170596 
0.153998 -0.362612 -0.172412 
0.152301 -0.370548 -0.150409 
0.156782 -0.368050 -0.134336 
0.176055 -0.354506 -0.121230 
0.188037 -0.347351 -0.121011 
0.198255 -0.334507 -0.124608 
0.161910 -0.308173 -0.148567 
0.183815 -0.329186 -0.175014 
0.202313 -0.338280 -0.168516 
0.212990 -0.337072 -0.179557 
0.209958 -0.320427 -0.210593 
0.206089 -0.294013 -0.206963 
0.183025 -0.250507 -0.222745 
0.159757 -0.191027 -0.217473 
0.183169 -0.202057 -0.236115 
0.182848 -0.131018 -0.205836 
0.205537 -0.189415 -0.179064 
0.218789 -0.191678 -0.185451 
0.239844 -0.179221 -0.200904 
0.187476 -0.163364 -0.049267 
0.204222 -0.166605 -0.054341 
0.238456 -0.170349 -0.136114 
0.234698 -0.244505 -0.091944 
0.247019 -0.207142 -0.129657 
0.212373 -0.090767 -0.154059 
0.206488 -0.042656 -0.185636 
0.201551 -0.036267 -0.204832 
0.182636 -0.029001 -0.198010 
0.242802 -0.090737 -0.205523 
0.249335 -0.113009 -0.203783 
0.263469 -0.109918 -0.216368 
0.262449 -0.110710 -0.162338 
0.262217 -0.147917 -0.152575 
0.289182 -0.191162 -0.184214 
0.286055 -0.271446 -0.127553 
0.272664 -0.286113 -0.125515 
0.263465 -0.312224 -0.117891 
0.258271 -0.320784 -0.112650 
0.243216 -0.275596 -0.061717 
0.250730 -0.268217 -0.060660 
0.272979 -0.309858 -0.080042 
0.264241 -0.325612 -0.084045 
0.250932 -0.310216 -0.060903 
0.293270 -0.303324 -0.143033 
0.293335 -0.257070 -0.171874 
0.281223 -0.253951 -0.159368 
0.283637 -0.213229 -0.161444 
0.307665 -0.224699 -0.144078 
0.294613 -0.178833 -0.147603 
0.324908 -0.265714 -0.099804 
0.306525 -0.263458 -0.066722 
0.298569 -0.264489 -0.061245 
0.301353 -0.235419 -0.083970 
0.289037 -0.193300 -0.100574 
0.291082 -0.167779 -0.106287 
0.261171 -0.152445 -0.095750 
0.239283 -0.102000 -0.111257 
0.294768 -0.225489 -0.039780 
0.282089 -0.213500 -0.041154 
0.255741 -0.268659 -0.016296 
0.256051 -0.266570 -0.014487 
0.261106 -0.249047 -0.013772 
0.260839 -0.221340 -0.014485 
0.210570 -0.131990 -0.070640 
0.213027 -0.144829 -0.061050 
0.208708 -0.259317 -0.007491 
0.204941 -0.231698 -0.006261 
