778
0.198799 0.302447 -0.143927 
0.127083 0.306958 -0.171623 
0.126138 0.302935 -0.155745 
0.169500 0.334138 -0.155530 
0.110894 0.349236 -0.175111 
0.091151 0.350413 -0.161078 
0.076235 0.346548 -0.145067 
0.056143 0.339955 -0.125938 
0.093214 0.364686 -0.103038 
0.103148 0.357689 -0.092518 
0.134652 0.368239 -0.097492 
0.144978 0.343909 -0.124420 
0.168592 0.347961 -0.103467 
0.181687 0.334582 -0.089972 
0.231603 0.292206 -0.084868 
0.244582 0.278808 -0.067626 
0.260059 0.254353 -0.057236 
0.268802 0.230182 -0.036349 
0.269391 0.230065 -0.023349 
0.262807 0.261543 -0.002597 
0.240899 0.278871 -0.009048 
0.213231 0.293996 -0.016677 
0.214004 0.298544 -0.024158 
0.189100 0.292635 -0.056723 
0.159284 0.244422 -0.073732 
0.169074 0.252120 -0.089299 
0.154484 0.231169 -0.113018 
0.121338 0.223756 -0.114322 
0.222627 0.221164 -0.096962 
0.096664 0.172970 -0.088708 
0.181527 0.179375 -0.076469 
0.184845 0.163997 -0.061318 
0.188092 0.151742 -0.047810 
0.194736 0.129403 -0.025915 
0.139917 0.062563 -0.009803 
0.263200 0.085234 0.038869 
0.251786 0.072264 0.044183 
0.293571 0.073558 0.058249 
0.300366 0.062390 0.076232 
0.237060 0.026877 0.086687 
0.271641 0.033566 0.084866 
0.272243 0.027430 0.097736 
0.287902 -0.029563 0.127554 
0.275636 -0.055807 0.139464 
0.256060 -0.066805 0.146344 
0.247932 -0.086840 0.162094 
0.244783 -0.101469 0.180588 
0.239320 -0.107456 0.184936 
0.315519 -0.087739 0.186217 
0.299208 -0.093640 0.198508 
0.285213 -0.092942 0.209718 
0.272133 -0.096713 0.218725 
0.322611 -0.040744 0.188139 
0.316053 -0.042884 0.187063 
0.285899 -0.024228 0.170086 
0.278694 -0.002583 0.152518 
0.314296 0.000348 0.172190 
0.284515 -0.048113 0.232996 
0.246690 -0.058513 0.228364 
0.305191 -0.012691 0.235997 
0.290357 0.006623 0.223016 
0.285049 0.033751 0.200329 
0.287498 0.052696 0.211830 
0.273677 0.057160 0.228550 
0.227516 -0.008537 0.213786 
0.252296 0.000430 0.234267 
0.286657 0.019762 0.287347 
0.261338 0.010787 0.299521 
0.255472 -0.011587 0.282392 
0.221419 0.034001 0.264876 
0.230397 0.031722 0.298847 
0.237598 -0.073393 0.291235 
0.251348 -0.052857 0.305456 
0.250818 -0.027749 0.327643 
0.203936 -0.047699 0.264766 
0.197841 -0.021225 0.327337 
0.200079 -0.025992 0.345053 
0.182813 -0.095868 0.312834 
0.193737 0.009818 0.311802 
0.180227 -0.027154 0.286229 
0.205963 -0.062740 0.335877 
0.182433 -0.086871 0.276222 
0.188768 -0.095377 0.274650 
0.167846 -0.039048 0.229428 
0.149303 -0.079174 0.318780 
0.136960 -0.097036 0.298289 
0.133998 -0.095679 0.279275 
0.140861 -0.092941 0.257237 
0.146573 -0.052837 0.334510 
0.120508 -0.052651 0.243188 
0.108857 -0.058656 0.261358 
0.103567 -0.063955 0.328656 
0.104059 -0.027306 0.304099 
0.111719 -0.026528 0.336012 
0.120586 -0.020097 0.340674 
0.119138 -0.018613 0.276958 
0.106244 -0.060186 0.293158 
0.147787 0.007231 0.314388 
0.160077 0.027202 0.304046 
0.159883 0.041115 0.254706 
0.148722 0.026758 0.172253 
0.166311 0.030386 0.204820 
0.193942 0.067518 0.258719 
0.202183 0.085585 0.239322 
0.199078 0.092764 0.202203 
0.199781 0.097337 0.200139 
0.234628 0.126541 0.209215 
0.233214 0.109250 0.169186 
0.233811 0.098038 0.167551 
0.202417 0.089732 0.131353 
0.231866 0.108095 0.115554 
0.232053 0.123892 0.111184 
0.242279 0.147072 0.110403 
0.176433 0.123106 0.061404 
0.187106 0.124007 0.052295 
0.202756 0.154302 0.042794 
0.195587 0.176094 0.028238 
0.171015 0.202710 0.024600 
0.238081 0.199943 0.067378 
0.241956 0.214586 0.094025 
0.237162 0.216654 0.132337 
0.230407 0.219776 0.133185 
0.193584 0.214767 0.065792 
0.207396 0.240357 0.070175 
0.200844 0.234667 0.142920 
0.171441 0.210129 0.125332 
0.156369 0.206600 0.120355 
0.150721 0.200096 0.108526 
0.179712 0.256617 0.155238 
0.194021 0.274604 0.108036 
0.130634 0.272008 0.031399 
0.120651 0.287273 0.025663 
0.170874 0.312975 0.098205 
0.173654 0.312863 0.098161 
0.147463 0.281384 0.064481 
0.138144 0.306858 0.065959 
0.114835 0.334129 0.083222 
0.093808 0.330681 0.082515 
0.124745 0.330777 0.145078 
0.131302 0.303886 0.151059 
0.134683 0.298425 0.150535 
0.096094 0.278151 0.101405 
0.082507 0.298521 0.137669 
0.075514 0.305888 0.135641 
0.060321 0.328401 0.113426 
0.066104 0.301641 0.058510 
0.067562 0.275103 0.054994 
0.028475 0.323442 0.085656 
0.058650 0.224799 0.032797 
0.048932 0.241800 0.036391 
0.031523 0.263352 0.023944 
0.028299 0.281305 0.038862 
0.013954 0.287033 0.057635 
0.023491 0.276235 0.083849 
0.033999 0.278411 0.128254 
0.038138 0.283140 0.156984 
0.049204 0.271701 0.220817 
0.056865 0.261818 0.211823 
0.082633 0.269231 0.226357 
0.109771 0.229325 0.252126 
0.098804 0.213919 0.221890 
0.108698 0.233600 0.207456 
0.111375 0.219898 0.179491 
0.055299 0.164832 0.108594 
0.061380 0.188228 0.134879 
0.067667 0.203513 0.162742 
0.132227 0.181269 0.269145 
0.117736 0.166062 0.242835 
0.101125 0.151153 0.215641 
0.086993 0.195633 0.275043 
0.079975 0.189648 0.293771 
0.079080 0.128721 0.285011 
0.075866 0.119598 0.282098 
0.065370 0.148438 0.322141 
0.049561 0.142213 0.314945 
0.047210 0.094783 0.171729 
0.060281 0.101564 0.222737 
0.052759 0.124005 0.231676 
0.058107 0.148343 0.216773 
0.029651 0.139512 0.157979 
0.013894 0.182774 0.175480 
0.017532 0.182415 0.174659 
0.017630 0.221785 0.238486 
0.021375 0.204497 0.247709 
0.027530 0.191897 0.270992 
0.024337 0.183678 0.294041 
0.020912 0.172609 0.296511 
0.018112 0.131822 0.271187 
0.024811 0.109874 0.295622 
0.026417 0.096965 0.309012 
0.022204 0.047437 0.251119 
0.014940 0.055091 0.254223 
0.001293 0.043625 0.307355 
-0.008926 0.039337 0.302086 
-0.028240 0.055909 0.284810 
-0.028231 0.042287 0.260425 
-0.033159 0.053679 0.230231 
-0.017690 0.106873 0.300569 
-0.020879 0.105251 0.175928 
-0.036367 0.097144 0.172536 
-0.041432 0.080897 0.199278 
-0.071132 0.058541 0.268528 
-0.065183 0.041226 0.301102 
-0.056182 0.043068 0.324408 
-0.049985 0.061378 0.340911 
-0.049390 0.093009 0.336599 
-0.045099 0.100010 0.340188 
-0.069469 0.100189 0.298449 
-0.064313 0.113067 0.300439 
-0.058322 0.157464 0.307199 
-0.052489 0.168644 0.227298 
-0.049628 0.173021 0.241337 
-0.045144 0.193968 0.269242 
-0.050949 0.212984 0.269130 
-0.054174 0.242301 0.243540 
-0.046665 0.244464 0.185258 
-0.048578 0.243832 0.171767 
-0.053100 0.278271 0.175162 
-0.044625 0.255730 0.126086 
-0.050010 0.230739 0.091466 
-0.054012 0.227076 0.007315 
-0.060082 0.253554 0.022971 
-0.066100 0.275628 0.035909 
-0.077069 0.284529 0.043782 
-0.092751 0.286657 0.072348 
-0.098645 0.245104 0.077229 
-0.106491 0.241287 0.130342 
-0.105408 0.185129 0.116046 
-0.098214 0.177441 0.112100 
-0.115352 0.235656 0.227542 
-0.109493 0.184088 0.224442 
-0.118828 0.195081 0.266694 
-0.126611 0.192342 0.276798 
-0.131716 0.123457 0.233833 
-0.132250 0.126839 0.251046 
-0.134991 0.155862 0.289756 
-0.150018 0.193125 0.199817 
-0.142324 0.162773 0.132835 
-0.143409 0.167912 0.136136 
-0.163891 0.140580 0.170950 
-0.168422 0.124785 0.193613 
-0.177978 0.149564 0.275094 
-0.180292 0.146602 0.288551 
-0.160624 0.100887 0.300586 
-0.188698 0.099902 0.309786 
-0.197016 0.108512 0.301091 
-0.199631 0.082579 0.281350 
-0.198069 0.081746 0.265810 
-0.202477 0.089491 0.242190 
-0.220761 0.112319 0.239740 
-0.207181 0.138212 0.224085 
-0.195187 0.161457 0.187520 
-0.167903 0.222615 0.227685 
-0.156605 0.257096 0.186086 
-0.159586 0.253275 0.170665 
-0.186212 0.242671 0.163137 
-0.197594 0.229804 0.149794 
-0.196246 0.266338 0.199243 
-0.213606 0.258115 0.219802 
-0.234446 0.247641 0.214171 
-0.230431 0.222434 0.198581 
-0.220254 0.228059 0.248144 
-0.233552 0.209813 0.253939 
-0.247161 0.188447 0.244698 
-0.272069 0.195409 0.234720 
-0.273969 0.200159 0.214238 
-0.279005 0.180231 0.192541 
-0.287872 0.169960 0.201140 
-0.270747 0.143041 0.182895 
-0.282039 0.159557 0.160906 
-0.274461 0.171317 0.146973 
-0.268623 0.199192 0.147374 
-0.253819 0.209221 0.140138 
-0.248257 0.236951 0.138041 
-0.227312 0.264457 0.118195 
-0.203828 0.244800 0.090128 
-0.194036 0.276798 0.083941 
-0.190350 0.302754 0.078457 
-0.184338 0.327739 0.069336 
-0.194731 0.348008 0.057736 
-0.188174 0.357011 0.031479 
-0.175545 0.392106 0.002961 
-0.140203 0.366406 -0.015377 
-0.177210 0.400312 -0.026762 
-0.097581 0.276364 -0.042613 
-0.098900 0.252106 -0.050156 
-0.136699 0.399248 -0.034954 
-0.121085 0.358991 -0.048184 
-0.091244 0.379453 -0.075467 
-0.091480 0.431813 -0.119231 
-0.065417 0.296969 -0.145975 
-0.043071 0.249076 -0.131983 
-0.144529 0.464509 -0.094483 
-0.042556 0.254052 -0.091138 
-0.176748 0.440917 -0.062763 
-0.206240 0.414265 -0.177660 
-0.220434 0.392351 -0.175813 
-0.233569 0.375473 -0.162259 
-0.151858 0.304791 -0.152432 
-0.121033 0.256214 -0.106242 
-0.141711 0.339483 -0.130892 
-0.179992 0.353672 -0.133000 
-0.178386 0.344531 -0.157951 
-0.229342 0.380035 -0.102205 
-0.237722 0.355130 -0.108348 
-0.240082 0.336204 -0.090553 
-0.186874 0.283317 -0.105088 
-0.185267 0.278920 -0.073335 
-0.227385 0.303336 -0.061352 
-0.106115 0.182050 -0.082275 
-0.230489 0.311763 -0.027441 
-0.256919 0.252778 -0.119512 
-0.259379 0.260584 -0.072203 
-0.247220 0.262608 -0.080445 
-0.211616 0.242582 -0.120679 
-0.229110 0.241830 -0.122435 
-0.241194 0.203863 -0.079449 
-0.225323 0.181958 -0.046491 
-0.340444 0.231362 -0.076907 
-0.335630 0.240187 -0.060046 
-0.321427 0.243990 -0.035012 
-0.333729 0.244691 -0.013589 
-0.311189 0.226665 -0.001340 
-0.346615 0.226960 0.012949 
-0.362910 0.220662 0.017489 
-0.363465 0.199332 -0.013176 
-0.374819 0.197069 -0.018680 
-0.374934 0.188418 -0.047583 
-0.363686 0.184497 -0.052558 
-0.336393 0.162323 0.012462 
-0.343065 0.159997 0.016461 
-0.371325 0.143026 0.004455 
-0.355392 0.116429 -0.011354 
-0.359690 0.113828 -0.013204 
-0.341759 0.128512 -0.042602 
-0.360407 0.128132 -0.082974 
-0.346563 0.110797 -0.078193 
-0.311503 0.129934 -0.064715 
-0.331150 0.115773 -0.110373 
-0.329261 0.125138 -0.119005 
-0.327904 0.145693 -0.134942 
-0.287423 0.152021 -0.105345 
-0.287111 0.166321 -0.129748 
-0.291477 0.164711 -0.148700 
-0.234699 0.116394 -0.131991 
-0.255229 0.128221 -0.163139 
-0.096104 0.092047 -0.084919 
-0.170854 0.171921 -0.159907 
-0.210642 0.171728 -0.191919 
-0.209303 0.186489 -0.209016 
-0.177912 0.208182 -0.179047 
-0.175483 0.213022 -0.199381 
-0.156531 0.203240 -0.209163 
-0.164088 0.176858 -0.223381 
-0.125634 0.187573 -0.186185 
-0.042105 0.066746 -0.059156 
-0.063447 0.097724 -0.074495 
-0.099943 0.153713 -0.119892 
-0.183443 0.129248 -0.147487 
-0.184237 0.124068 -0.122389 
-0.198690 0.099349 -0.099306 
-0.186627 0.088448 -0.085343 
-0.089766 0.086612 -0.067686 
-0.101835 0.068406 -0.036408 
-0.106971 0.041266 -0.020038 
-0.062929 0.036719 -0.023149 
-0.215260 0.020754 -0.011873 
-0.184063 0.021845 0.007896 
-0.184692 0.009066 0.014883 
-0.203995 -0.013880 0.045952 
-0.226260 -0.031383 0.066674 
-0.246861 -0.044928 0.091637 
-0.242986 -0.050954 0.104410 
-0.208715 -0.059228 0.115345 
-0.277991 -0.082499 0.095863 
-0.266146 -0.098979 0.114546 
-0.270692 -0.091997 0.129284 
-0.170737 -0.093222 0.175930 
-0.182640 -0.094161 0.173941 
-0.205643 -0.094313 0.190440 
-0.231624 -0.075939 0.178736 
-0.234995 -0.070871 0.161345 
-0.275143 -0.093373 0.166891 
-0.283248 -0.106926 0.178742 
-0.250613 -0.112191 0.199833 
-0.222182 -0.110434 0.210465 
-0.277728 -0.140458 0.155270 
-0.292190 -0.148475 0.169502 
-0.250221 -0.172176 0.172856 
-0.256885 -0.183160 0.193847 
-0.263034 -0.168550 0.202408 
-0.205964 -0.133421 0.161117 
-0.205545 -0.118115 0.155630 
-0.227807 -0.168191 0.227554 
-0.201107 -0.160664 0.225243 
-0.182270 -0.127638 0.227186 
-0.178914 -0.131924 0.241440 
-0.142131 -0.108302 0.197538 
-0.144466 -0.129440 0.211204 
-0.162183 -0.156315 0.259765 
-0.095994 -0.124267 0.187143 
-0.097976 -0.138408 0.213508 
-0.100752 -0.164574 0.245878 
-0.118766 -0.174637 0.262899 
-0.142239 -0.189651 0.263689 
-0.130471 -0.216636 0.258727 
-0.106672 -0.218605 0.249490 
-0.175265 -0.216078 0.228793 
-0.162787 -0.225051 0.222437 
-0.147936 -0.237229 0.225621 
-0.102407 -0.239350 0.205577 
-0.081134 -0.226006 0.220098 
-0.081919 -0.226693 0.227996 
-0.070940 -0.200795 0.193405 
-0.073127 -0.182528 0.187610 
-0.081129 -0.143645 0.136410 
-0.099853 -0.151047 0.137236 
-0.110786 -0.167933 0.139703 
-0.086817 -0.212080 0.154330 
-0.096691 -0.211449 0.138457 
-0.121660 -0.225104 0.136666 
-0.133753 -0.260286 0.163897 
-0.142620 -0.271703 0.176239 
-0.163051 -0.251506 0.165221 
-0.184444 -0.284622 0.186751 
-0.166747 -0.294259 0.161670 
-0.174385 -0.295069 0.144699 
-0.195276 -0.290093 0.143262 
-0.214226 -0.291403 0.133433 
-0.208687 -0.249753 0.151217 
-0.222417 -0.247009 0.141486 
-0.207269 -0.238826 0.101746 
-0.194398 -0.233658 0.083838 
-0.157078 -0.175750 0.091931 
-0.168786 -0.199011 0.105172 
-0.234491 -0.199627 0.094846 
-0.257243 -0.197226 0.084147 
-0.190086 -0.152450 0.092216 
-0.244013 -0.154619 0.072380 
-0.229571 -0.137517 0.061590 
-0.182806 -0.121798 0.041543 
-0.187630 -0.099279 0.021027 
-0.189307 -0.097744 0.013440 
-0.137154 -0.125467 0.028692 
-0.133495 -0.139482 0.038717 
-0.185343 -0.183523 0.027265 
-0.202972 -0.228861 0.039356 
-0.204439 -0.233155 0.042735 
-0.259447 -0.152300 0.025777 
-0.262175 -0.170914 0.036264 
-0.235368 -0.191210 0.036157 
-0.268295 -0.216055 0.016118 
-0.272482 -0.222540 0.003690 
-0.248369 -0.238126 0.001905 
-0.218864 -0.215683 -0.017181 
-0.218073 -0.229251 -0.014684 
-0.276764 -0.173134 -0.006003 
-0.278301 -0.183331 -0.013814 
-0.243211 -0.190551 -0.047371 
-0.258418 -0.190771 -0.067475 
-0.270363 -0.184243 -0.076514 
-0.235098 -0.156710 -0.076581 
-0.282735 -0.145224 -0.050257 
-0.250602 -0.123001 -0.024119 
-0.261547 -0.121688 -0.028624 
-0.260316 -0.118695 -0.087094 
-0.249376 -0.129059 -0.094213 
-0.218392 -0.107425 -0.058685 
-0.222083 -0.106950 -0.062171 
-0.241675 -0.077773 -0.091871 
-0.166831 -0.044142 -0.074714 
-0.166769 -0.020843 -0.093905 
-0.183707 -0.012323 -0.114691 
-0.180035 -0.025771 -0.140886 
-0.221617 -0.020703 -0.178782 
-0.220031 -0.006134 -0.166803 
-0.191700 0.018201 -0.172111 
-0.213887 0.030713 -0.214813 
-0.224033 0.017295 -0.200540 
-0.226021 0.004668 -0.215935 
-0.211830 0.056620 -0.249946 
-0.121855 0.094234 -0.201368 
-0.170909 0.079697 -0.258501 
-0.151697 0.093919 -0.266699 
-0.122765 0.087150 -0.259887 
-0.126472 0.063856 -0.233105 
-0.156256 0.042606 -0.287280 
-0.161908 0.026257 -0.274972 
-0.191810 0.004448 -0.246583 
-0.187498 -0.023911 -0.243474 
-0.172114 -0.032806 -0.243104 
-0.168125 -0.027176 -0.263632 
-0.110171 0.026336 -0.186814 
-0.034059 -0.010120 -0.065475 
-0.075242 -0.104504 -0.078324 
-0.085765 -0.105948 -0.085555 
-0.103608 -0.112992 -0.085091 
-0.165288 -0.198522 -0.103692 
-0.157007 -0.248991 -0.065498 
-0.140057 -0.233595 -0.064260 
-0.155635 -0.248990 -0.104222 
-0.166307 -0.238161 -0.117133 
-0.117186 -0.197592 -0.066779 
-0.136121 -0.189657 -0.086912 
-0.169506 -0.196929 -0.141434 
-0.162465 -0.143183 -0.158978 
-0.113549 -0.097772 -0.152978 
-0.131382 -0.108295 -0.175533 
-0.119308 -0.131125 -0.180379 
-0.110457 -0.135841 -0.177264 
-0.146033 -0.162507 -0.186013 
-0.130438 -0.200557 -0.180436 
-0.131788 -0.196820 -0.154706 
-0.092596 -0.190732 -0.151729 
-0.123239 -0.237666 -0.173687 
-0.066818 -0.165731 -0.100472 
-0.111549 -0.253561 -0.139556 
-0.098972 -0.239997 -0.125112 
-0.082600 -0.213370 -0.111223 
-0.073660 -0.218318 -0.099194 
-0.065147 -0.227778 -0.060199 
-0.065136 -0.246990 -0.026254 
-0.064902 -0.255013 -0.015202 
-0.096007 -0.316699 -0.013453 
-0.100161 -0.332625 0.007841 
-0.093421 -0.363831 0.026596 
-0.083927 -0.357343 0.043609 
-0.085396 -0.352886 0.045182 
-0.123227 -0.341061 -0.026251 
-0.087602 -0.382825 -0.017059 
-0.108178 -0.388608 -0.010995 
-0.106474 -0.400254 -0.011704 
-0.129323 -0.373564 -0.054855 
-0.107635 -0.374093 -0.059250 
-0.088639 -0.381084 -0.071990 
-0.079047 -0.373450 -0.085515 
-0.081282 -0.348021 -0.089132 
-0.105227 -0.334208 -0.096622 
-0.093850 -0.328465 -0.113213 
-0.064204 -0.289430 -0.125271 
-0.040484 -0.251550 -0.082596 
-0.038295 -0.251087 -0.089798 
-0.047561 -0.311243 -0.110073 
-0.047888 -0.348814 -0.048703 
-0.043993 -0.335420 -0.038510 
-0.041901 -0.360797 -0.007712 
-0.034952 -0.360332 0.019132 
-0.033651 -0.351668 0.042691 
-0.025973 -0.341116 0.051704 
-0.010305 -0.342501 0.062921 
0.009877 -0.361908 0.071706 
0.020365 -0.355107 0.067365 
0.009115 -0.396030 0.052388 
-0.004706 -0.380488 0.015852 
0.001231 -0.383064 -0.042384 
0.004718 -0.373797 -0.032954 
0.016616 -0.408639 -0.022169 
0.028227 -0.402394 -0.014395 
0.038607 -0.389399 0.023262 
0.044170 -0.385201 0.007958 
0.049009 -0.355251 -0.000311 
0.026939 -0.327255 -0.049397 
0.019380 -0.287916 -0.029851 
0.025895 -0.286233 -0.042645 
0.034129 -0.254003 -0.026648 
0.044434 -0.227536 0.002352 
0.051254 -0.252781 0.018392 
0.050105 -0.295081 0.073796 
0.054745 -0.294927 0.081384 
0.073698 -0.265405 0.056216 
0.075245 -0.262436 0.061053 
0.077905 -0.322910 0.039171 
0.082665 -0.328772 0.070856 
0.082486 -0.355439 0.074191 
0.098353 -0.362570 0.066401 
0.105008 -0.353612 0.022238 
0.117794 -0.365134 0.033412 
0.115974 -0.335009 0.098196 
0.118088 -0.311631 0.090973 
0.145890 -0.326913 0.076493 
0.136602 -0.308557 0.061286 
0.141659 -0.300861 0.051314 
0.128836 -0.265398 0.058579 
0.134729 -0.262498 0.059429 
0.123166 -0.250197 0.018962 
0.112379 -0.268247 -0.016109 
0.105884 -0.251972 -0.028562 
0.098482 -0.195396 -0.038107 
0.094971 -0.196776 -0.050527 
0.068017 -0.198460 -0.079320 
0.063399 -0.209604 -0.120336 
0.048929 -0.225992 -0.141919 
0.040320 -0.266442 -0.166176 
0.044740 -0.292588 -0.148033 
0.045479 -0.301758 -0.135792 
0.056847 -0.322182 -0.124926 
0.067363 -0.337866 -0.133465 
0.084485 -0.323178 -0.145776 
0.095325 -0.285366 -0.130479 
0.106498 -0.297725 -0.109830 
0.097275 -0.360942 -0.116262 
0.103083 -0.372416 -0.098891 
0.118960 -0.370705 -0.066113 
0.112055 -0.340029 -0.074624 
0.143779 -0.358451 -0.114145 
0.156695 -0.359451 -0.090065 
0.154957 -0.333224 -0.068839 
0.160566 -0.354863 -0.049636 
0.176561 -0.357659 -0.049074 
0.184944 -0.321729 -0.051045 
0.183601 -0.330713 -0.026932 
0.189049 -0.327352 -0.008467 
0.187156 -0.302132 -0.003683 
0.182489 -0.283947 -0.017769 
0.170804 -0.262384 -0.019661 
0.162689 -0.257041 -0.015847 
0.140069 -0.241723 -0.057598 
0.128647 -0.208259 -0.069125 
0.094764 -0.146833 -0.094278 
0.086562 -0.134550 -0.109354 
0.075369 -0.133056 -0.132320 
0.053822 -0.104597 -0.164493 
0.036093 -0.057221 -0.182755 
0.024531 -0.025447 -0.198624 
0.013863 -0.019808 -0.230519 
-0.002901 -0.018205 -0.247504 
-0.018089 -0.018182 -0.262045 
-0.024398 -0.010105 -0.284973 
-0.035063 -0.020336 -0.295165 
-0.027347 -0.030748 -0.312382 
-0.047969 -0.049961 -0.334880 
-0.045738 -0.058347 -0.318498 
-0.062662 -0.080088 -0.299026 
-0.071038 -0.082376 -0.292471 
-0.058792 -0.108882 -0.316353 
-0.045850 -0.116198 -0.295021 
-0.022475 -0.071638 -0.264495 
-0.009897 -0.077248 -0.293638 
0.003855 -0.077536 -0.298175 
0.018013 -0.108456 -0.334310 
0.045238 -0.117421 -0.317484 
0.035546 -0.122388 -0.303190 
0.018225 -0.144043 -0.312490 
0.005010 -0.168882 -0.315715 
0.015123 -0.186321 -0.308786 
0.004237 -0.174176 -0.268054 
0.002564 -0.182359 -0.272843 
0.008930 -0.216529 -0.279990 
0.024802 -0.227988 -0.254682 
0.036743 -0.217550 -0.244709 
0.065055 -0.223527 -0.271749 
0.072536 -0.220755 -0.280744 
0.085207 -0.200057 -0.278821 
0.097396 -0.184931 -0.255685 
0.086482 -0.169101 -0.217291 
0.092039 -0.199786 -0.205893 
0.110478 -0.202908 -0.209150 
0.144090 -0.179357 -0.196219 
0.155235 -0.184305 -0.208149 
0.148459 -0.256141 -0.203200 
0.150865 -0.268961 -0.194032 
0.166751 -0.293360 -0.179951 
0.180541 -0.294798 -0.155918 
0.197471 -0.296298 -0.137294 
0.206920 -0.271106 -0.140861 
0.202133 -0.261674 -0.129109 
0.199471 -0.239702 -0.146127 
0.203391 -0.242623 -0.177231 
0.191724 -0.226789 -0.210470 
0.176991 -0.214020 -0.245003 
0.182495 -0.184167 -0.257077 
0.166655 -0.149500 -0.236320 
0.152622 -0.127461 -0.227915 
0.161407 -0.156049 -0.287244 
0.141858 -0.147317 -0.295979 
0.111868 -0.121170 -0.279712 
0.098686 -0.109650 -0.287537 
0.080978 -0.077326 -0.308471 
0.087360 -0.052160 -0.291598 
0.123251 -0.061715 -0.288057 
0.121184 -0.075694 -0.329448 
0.134119 -0.061636 -0.327236 
0.108455 -0.024385 -0.310234 
0.124518 -0.024360 -0.256794 
0.173227 -0.056138 -0.267326 
0.176525 -0.075638 -0.281482 
0.199175 -0.084984 -0.277987 
0.185900 -0.059470 -0.228569 
0.215514 -0.078644 -0.243900 
0.191252 -0.099949 -0.197099 
0.196052 -0.106889 -0.167946 
0.222329 -0.129130 -0.194736 
0.174267 -0.049743 -0.144131 
0.194327 -0.042689 -0.162599 
0.249976 -0.084241 -0.193703 
0.240916 -0.079689 -0.149040 
0.246189 -0.067233 -0.140714 
0.239088 -0.048963 -0.140610 
0.150946 -0.041062 -0.089083 
0.195786 -0.082140 -0.082463 
0.244008 -0.134650 -0.113394 
0.267323 -0.113065 -0.096561 
0.256643 -0.140708 -0.081125 
0.264683 -0.174867 -0.058501 
0.282976 -0.193406 -0.064643 
0.309998 -0.216040 -0.055118 
0.306356 -0.216231 -0.049385 
0.288346 -0.237079 -0.063216 
0.303054 -0.253904 -0.078586 
0.312524 -0.253409 -0.097835 
0.319234 -0.242009 -0.112057 
0.281874 -0.199947 -0.160749 
0.291301 -0.232487 -0.152754 
0.304863 -0.223460 -0.147881 
0.301479 -0.203263 -0.126587 
0.309941 -0.192597 -0.117046 
0.328661 -0.184638 -0.095836 
0.330516 -0.181864 -0.082924 
0.302865 -0.149335 -0.077644 
0.312078 -0.144911 -0.088770 
0.317017 -0.152259 -0.143676 
0.310389 -0.140781 -0.162567 
0.278986 -0.096092 -0.164059 
0.263447 -0.071844 -0.171999 
0.258343 -0.050618 -0.183153 
0.225679 -0.025902 -0.188695 
0.207079 0.005313 -0.226091 
0.205247 0.019215 -0.228413 
0.184132 0.040656 -0.223108 
0.155746 0.058821 -0.241104 
0.089828 0.081631 -0.154271 
0.085330 0.099689 -0.175775 
0.121400 0.075416 -0.286715 
0.134872 0.085100 -0.253693 
0.101707 0.113211 -0.265537 
0.076888 0.123770 -0.273617 
0.043931 0.131970 -0.293896 
0.046802 0.095314 -0.345702 
0.052260 0.092059 -0.332390 
0.072914 0.094428 -0.321750 
0.082406 0.067397 -0.355197 
0.106091 0.052749 -0.378648 
0.111241 0.066363 -0.360616 
0.132990 0.061293 -0.332176 
0.168814 0.054412 -0.338788 
0.212524 0.050110 -0.309452 
0.248694 0.063837 -0.312424 
0.254937 0.097742 -0.268876 
0.255579 0.112769 -0.261959 
0.202428 0.118172 -0.229701 
0.214996 0.133246 -0.233832 
0.269658 0.088265 -0.228082 
0.255954 0.066827 -0.236107 
0.249191 0.064040 -0.248978 
0.264008 0.070395 -0.289168 
0.224194 0.075348 -0.337986 
0.197071 0.086574 -0.332186 
0.181366 0.102961 -0.352044 
0.173706 0.132299 -0.347804 
0.199033 0.135480 -0.343835 
0.213343 0.143219 -0.317795 
0.225434 0.138593 -0.304746 
0.240616 0.152478 -0.281320 
0.226540 0.174711 -0.284706 
0.203278 0.177882 -0.271095 
0.166283 0.188675 -0.312622 
0.148892 0.180141 -0.330265 
0.117480 0.201171 -0.295607 
0.122775 0.177563 -0.388687 
0.108289 0.227007 -0.322709 
0.107599 0.219980 -0.341985 
0.100466 0.204690 -0.355696 
0.081124 0.202899 -0.365217 
0.062501 0.184558 -0.370734 
0.034014 0.164828 -0.353598 
0.036457 0.154050 -0.343222 
0.067926 0.127786 -0.368542 
0.083789 0.148753 -0.297684 
